Template: NONE
DangerType: Blizzard
WaveSpeed: 0.3103672
WaveLength: 0.9051836
WaveAmplitude: 9.670834E-05
SecondWaveLength: 0.1666667
SecondWaveAmplitude: 0
Clouds: 0.4456522
Grime: 0.3152174
Palette: 1209
EffectColorA: 9
EffectColorB: 13
Effects: ModifyEffectColorB-0.06521739,0.1630435,0.173913-20-20, Fog-0.6304348-272-34, Darkness-0.3043478-269-115, Contrast-0.01086957-10-115, FairyParticles-0.7065217-272-58, Coldness-1-272-168, 
PlacedObjects: DangleFruit><1122.935><443.9247><-163~-311~2~3, DangleFruit><-27.16846><464.4326><-177~-484~2~3, DangleFruit><1106.655><411.8734><-93~-283~2~3, DangleFruit><1062.637><470.1041><16~-359~2~3, FairyParticleSettings><857.6949><373.7055><-698~14.66025~0~1~1~0~1~1~60~180~40~100~5~30~0~360~1~0~1~0~0~0~0.5~0.75~4~Pixel~SIN_IO~SIN_IO~0~0~0, LanternOnStick><833.9066><263.8757><-53~-129, CustomDecal><395.4235><122.6504><-11~248~271~227~224~-14~-167~303~0~0.1304348~0~rust1~0.3804348~0.1521739~0.3804348~0.1521739~0.3804348~0.1521739~0.3804348~0.1521739, CustomDecal><174.4283><118.3406><-7~296~98~298~98~-6~-61.99997~308~0~1~0~rustb1~0.4782609~0.2065217~0.4782609~0.2065217~0.4782609~0.2065217~0.4782609~0.2065217, AirPocket><1075.053><658.5335><163~47~-313~-5~N~32, LightSource><102.3687><274.0992><1~Environment~37~-4~65~189.6025~1~0~None~0~0, CustomDecal><40.09361><531.8753><-9~232~196~220~245~-200~133~-104~0.08695652~0.7173913~0~rustb1~0.3804348~1~0.3804348~1~0.3804348~1~0.3804348~1, CustomDecal><655.8193><126.0857><-11~196~209~273~236~-4~-433~-107~0.2282609~0.3369565~0~scavman~0.3695652~0.2391304~0.3695652~0.2391304~0.3695652~0.2391304~0.3695652~0.2391304, LocalBlizzard><555.9257><561.3143><1353~638~50~86.60254~0.09782609~1~0, CustomDecal><1046.293><294.3046><-18~195~156~215~140~-14~11~36.00002~0.2282609~0.4130435~0~shadoweye~0.4565217~0.1304348~0.4565217~0.1304348~0.4565217~0.1304348~0.4565217~0.1304348, SnowSource><672.6082><386.859><Radial~702~-155~50~86.60254~0.6086956~1, 
FadePalette: 8, 0.1086956
