Template: NONE
DangerType: Blizzard
CeilingDrips: 0
RainIntensity: 1
RumbleIntensity: 0.5
WaveSpeed: 0.7066167
WaveLength: 0.8966916
WaveAmplitude: 7.771953E-08
SecondWaveLength: 0.1666667
SecondWaveAmplitude: 0
Clouds: 1
PlacedObjects: SnowSource><310.9908><221.8002><Radial~783~0~50~86.60254~1~0, SnowSource><403.077><1224.435><Radial~663~19~50~86.60254~1~0, 
