Template: NONE
DangerType: None
WaveSpeed: 0.4309918
WaveLength: 0.9654959
WaveAmplitude: 0.09684782
SecondWaveLength: 0.4710143
SecondWaveAmplitude: 0
Clouds: 0
Grime: 0.7717391
Palette: 1209
EffectColorA: 19
Effects: DayNight-1-20-20, Coldness-1-9-109, WaterViscosity-0.06959932-260.5125-89.73333, DirtyWater-0.7578578-30-30, 
PlacedObjects: DayNightSettings><1745.57><443.8376><5~8.660254~10~10, PlacedRats><759.8635><357.8354><, PlacedRats><500.5919><327.6275><, PlacedRats><1112.395><253.3044><, PlacedRats><1510.845><321.1241><, CustomDecal><1170.062><357.489><-13.51772~116.0889~272.6469~126.0445~275.4927~-0.7111511~939.8365~-5.688873~0~0~0~pinkbubbly~0.5463993~0~0.8093295~0.7655911~0.1984034~1~0.5463993~0.7655905, CustomDecal><324.0913><207.7637><5.691681~99.73334~154.5447~105.4222~138.1812~1.422211~-309.4843~8.533401~0~1~0~chaoticb&w2~0.5695993~0.7501248~0.5695993~1~0.337602~0.9047898~0.5695993~0.1701314, CustomDecal><332.6326><140.9139><-278.8917~485.8667~1812.243~554.1333~1957.38~-164.2667~584.8187~65.42221~0~1~0~rustymetal(var)~0.7370697~1~0.8453352~1~0.8530683~1~0.7061368~1, LightSource><716.6089><506.2952><1~EffectColor1~-370.6698~237.9556~50~86.60254~0~0~Flash~0.6959919~1, LightSource><1575.925><510.202><1~EffectColor1~-343.6343~168.9778~50~86.60254~0~0~Flash~0.1159986~1, 
FadePalette: 33, 0.2173913, 0.2391304
